output: [1, 64, 224, 224]
output: [1, 64, 224, 224]
1-0
output: [1, 64, 224, 224]
output: [1, 64, 112, 112]
output: [1, 256, 112, 112]
output: [1, 256, 112, 112]
output: [1, 256, 112, 112]
1-1
output: [1, 64, 112, 112]
output: [1, 64, 112, 112]
output: [1, 256, 112, 112]
output: [1, 256, 112, 112]
1-2
output: [1, 64, 112, 112]
output: [1, 64, 112, 112]
output: [1, 256, 112, 112]
output: [1, 256, 112, 112]
2-0
output: [1, 128, 112, 112]
output: [1, 128, 56, 56]
output: [1, 512, 56, 56]
output: [1, 512, 56, 56]
output: [1, 512, 56, 56]
2-1
output: [1, 128, 56, 56]
output: [1, 128, 56, 56]
output: [1, 512, 56, 56]
output: [1, 512, 56, 56]
2-2
output: [1, 128, 56, 56]
output: [1, 128, 56, 56]
output: [1, 512, 56, 56]
output: [1, 512, 56, 56]
2-3
output: [1, 128, 56, 56]
output: [1, 128, 56, 56]
output: [1, 512, 56, 56]
output: [1, 512, 56, 56]
3-0
output: [1, 256, 56, 56]
output: [1, 256, 28, 28]
output: [1, 1024, 28, 28]
output: [1, 1024, 28, 28]
output: [1, 1024, 28, 28]
3-1
output: [1, 256, 28, 28]
output: [1, 256, 28, 28]
output: [1, 1024, 28, 28]
output: [1, 1024, 28, 28]
3-2
output: [1, 256, 28, 28]
output: [1, 256, 28, 28]
output: [1, 1024, 28, 28]
output: [1, 1024, 28, 28]
3-3
output: [1, 256, 28, 28]
output: [1, 256, 28, 28]
output: [1, 1024, 28, 28]
output: [1, 1024, 28, 28]
3-4
output: [1, 256, 28, 28]
output: [1, 256, 14, 14]
output: [1, 1024, 14, 14]
output: [1, 1024, 14, 14]
3-5
output: [1, 256, 14, 14]
output: [1, 256, 14, 14]
output: [1, 1024, 14, 14]
output: [1, 1024, 14, 14]
4-0
output: [1, 512, 14, 14]
output: [1, 512, 14, 14]
output: [1, 2048, 14, 14]
output: [1, 2048, 14, 14]
output: [1, 2048, 14, 14]
4-1
output: [1, 512, 14, 14]
output: [1, 512, 14, 14]
output: [1, 2048, 14, 14]
output: [1, 2048, 14, 14]
4-2
output: [1, 512, 14, 14]
output: [1, 512, 14, 14]
output: [1, 2048, 14, 14]
output: [1, 2048, 14, 14]
pool
output: [1, 2048, 1, 1]
fc
output: [1, 1000, 1, 1]
mac: 24245125120
