output: [1, 64, 52, 52]
output: [1, 64, 54, 54]
1-0
output: [1, 64, 54, 54]
output: [1, 64, 28, 28]
output: [1, 256, 28, 28]
output: [1, 256, 27, 27]
output: [1, 256, 28, 28]
1-1
output: [1, 64, 28, 28]
output: [1, 64, 28, 28]
output: [1, 256, 28, 28]
output: [1, 256, 28, 28]
1-2
output: [1, 64, 28, 28]
output: [1, 64, 28, 28]
output: [1, 256, 28, 28]
output: [1, 256, 28, 28]
2-0
output: [1, 128, 28, 28]
output: [1, 128, 15, 15]
output: [1, 512, 15, 15]
output: [1, 512, 14, 14]
output: [1, 512, 15, 15]
2-1
output: [1, 128, 15, 15]
output: [1, 128, 15, 15]
output: [1, 512, 15, 15]
output: [1, 512, 15, 15]
2-2
output: [1, 128, 15, 15]
output: [1, 128, 15, 15]
output: [1, 512, 15, 15]
output: [1, 512, 15, 15]
2-3
output: [1, 128, 15, 15]
output: [1, 128, 15, 15]
output: [1, 512, 15, 15]
output: [1, 512, 15, 15]
3-0
output: [1, 256, 15, 15]
output: [1, 256, 9, 9]
output: [1, 1024, 9, 9]
output: [1, 1024, 8, 8]
output: [1, 1024, 9, 9]
3-1
output: [1, 256, 9, 9]
output: [1, 256, 9, 9]
output: [1, 1024, 9, 9]
output: [1, 1024, 9, 9]
3-2
output: [1, 256, 9, 9]
output: [1, 256, 9, 9]
output: [1, 1024, 9, 9]
output: [1, 1024, 9, 9]
3-3
output: [1, 256, 9, 9]
output: [1, 256, 9, 9]
output: [1, 1024, 9, 9]
output: [1, 1024, 9, 9]
3-4
output: [1, 256, 9, 9]
output: [1, 256, 14, 14]
output: [1, 1024, 14, 14]
output: [1, 1024, 14, 14]
3-5
output: [1, 256, 14, 14]
output: [1, 256, 14, 14]
output: [1, 1024, 14, 14]
output: [1, 1024, 14, 14]
4-0
output: [1, 512, 14, 14]
output: [1, 512, 14, 14]
output: [1, 2048, 14, 14]
output: [1, 2048, 14, 14]
output: [1, 2048, 14, 14]
4-1
output: [1, 512, 14, 14]
output: [1, 512, 14, 14]
output: [1, 2048, 14, 14]
output: [1, 2048, 14, 14]
4-2
output: [1, 512, 14, 14]
output: [1, 512, 14, 14]
output: [1, 2048, 14, 14]
output: [1, 2048, 14, 14]
pool
output: [1, 2048, 1, 1]
fc
output: [1, 1000, 1, 1]
mac: 6034546688
