output: [1, 64, 72, 72]
output: [1, 64, 74, 74]
1-0
output: [1, 64, 74, 74]
output: [1, 64, 38, 38]
output: [1, 256, 38, 38]
output: [1, 256, 37, 37]
output: [1, 256, 38, 38]
1-1
output: [1, 64, 38, 38]
output: [1, 64, 38, 38]
output: [1, 256, 38, 38]
output: [1, 256, 38, 38]
1-2
output: [1, 64, 38, 38]
output: [1, 64, 38, 38]
output: [1, 256, 38, 38]
output: [1, 256, 38, 38]
2-0
output: [1, 128, 38, 38]
output: [1, 128, 20, 20]
output: [1, 512, 20, 20]
output: [1, 512, 19, 19]
output: [1, 512, 20, 20]
2-1
output: [1, 128, 20, 20]
output: [1, 128, 20, 20]
output: [1, 512, 20, 20]
output: [1, 512, 20, 20]
2-2
output: [1, 128, 20, 20]
output: [1, 128, 20, 20]
output: [1, 512, 20, 20]
output: [1, 512, 20, 20]
2-3
output: [1, 128, 20, 20]
output: [1, 128, 20, 20]
output: [1, 512, 20, 20]
output: [1, 512, 20, 20]
3-0
output: [1, 256, 20, 20]
output: [1, 256, 11, 11]
output: [1, 1024, 11, 11]
output: [1, 1024, 10, 10]
output: [1, 1024, 11, 11]
3-1
output: [1, 256, 11, 11]
output: [1, 256, 11, 11]
output: [1, 1024, 11, 11]
output: [1, 1024, 11, 11]
3-2
output: [1, 256, 11, 11]
output: [1, 256, 11, 11]
output: [1, 1024, 11, 11]
output: [1, 1024, 11, 11]
3-3
output: [1, 256, 11, 11]
output: [1, 256, 11, 11]
output: [1, 1024, 11, 11]
output: [1, 1024, 11, 11]
3-4
output: [1, 256, 11, 11]
output: [1, 256, 14, 14]
output: [1, 1024, 14, 14]
output: [1, 1024, 14, 14]
3-5
output: [1, 256, 14, 14]
output: [1, 256, 14, 14]
output: [1, 1024, 14, 14]
output: [1, 1024, 14, 14]
4-0
output: [1, 512, 14, 14]
output: [1, 512, 14, 14]
output: [1, 2048, 14, 14]
output: [1, 2048, 14, 14]
output: [1, 2048, 14, 14]
4-1
output: [1, 512, 14, 14]
output: [1, 512, 14, 14]
output: [1, 2048, 14, 14]
output: [1, 2048, 14, 14]
4-2
output: [1, 512, 14, 14]
output: [1, 512, 14, 14]
output: [1, 2048, 14, 14]
output: [1, 2048, 14, 14]
pool
output: [1, 2048, 1, 1]
fc
output: [1, 1000, 1, 1]
mac: 7065017344
